[/usr/share/aurorae/themes/Kali-Dark/alldesktops.svg]
1192783320=66,1,14.5,14.5
2914580652=17.062000000000005,0.7500399999999999,14.5,14.499999999999998
3119755475=0.75,0.75,14.5,14.5
3555090314=33.375,0.75,14.5,14.5
3631210400=49.688,1,14.5,14.5
Invalidelements=2977998016,1646650023,3353776317,2748832650,2709150183,1931949642,1055051116,3594802944,2182168319,2346987153,617721608,3025216762,954600830,2306830980,3224703187,529468278,2337019112,1188230141,324802794,1206079421,2412435724,3916680370,3776354560,404445484,1797330263,2717270188,1372690430,3150539582,626048271,1181381267,300801666,3709981692,2280967474,3532371990,3771250289,8141082,1488452094,2960240602,3896466652,752191917,985460086,3438319416,1720572811,1937497740,302740876,2680669341,1904755112,1584399878,1928915756,4224576477,737235727,4234484005,3637487276,2770842704,2522781899,2876340029,3100188273,1202207944,1123239407,2335387201,325625780,1107100690,3840703811,1430759498,1012993364,999095291,3342006182,2611741820,1592700350,1120968389,1413009157,457139334,2572147133,2420370161,1618884349,2079651162,3813995621,1094884195,478845727,4268050079,250926896,2114719244,3001824169,3506129535,2506529771,4219279929,4088191717,739448721,590928850,4036740788,4011139497,156508580,445398967,68230856,2962549191,95160869,466191710,1772448099,2278745042,714447405,2882109181,4000674866,4181116116,323044909,3903723091,3815179602,4153152366,3005042642,984788111,1501568820,3242553210,2460208989,2911496223,4183640438,4277203102,3217859499,940685147,1292430091,2241477932,3017991186,81965329,2004556808,1553210240,4200702333,3559757990,3708664774,3598481984,1528910030
LastModified=1630064910
NaturalSize_1=81,16

[/usr/share/aurorae/themes/Kali-Dark/close.svg]
1471319288=49.688,1,14.5,14.5
1744663817=66,1,14.5,14.5
2342433021=33.375,0.75,14.5,14.5
2491291515=0.75,0.75,14.5,14.5
4198537454=17.062000000000005,0.7500399999999999,14.5,14.499999999999998
Invalidelements=3742962744,300935772,2278922253,3546253363,786304048,2281135276,4238529943,3191009893,739526048,3101926502,604185862,3171204657,949947690,1597013929,4105290512,3684943073,3810218133,3552080266,1594356109,3598063478,1323832055,1640107136,4106519055,490188963,3193856605,1046278761,2642525235,4171182520,31909277,882522467,1138003184,3095479332,272834253,209982620,3894500969,1989964525,2613396066,1821678185,3045936258,793518175,136433238,1834861902,2952236259,227357999,491043214,1175316019,265850654,3121192867,469913219,2664251136,2428912836,1163285061,3529153600,1739683317,2177676307,507165209,414927101,1034252076,1152054410,2554164747,1838432377,130673220,3305736244,200522959,2197138075,2987565519,338364216,3457977055,3428974489,3000413247,201267370,3688578901,488849394,886051535,891693698,1328138439,434295819,3190019742,3602097320,4004955233,2868770070,796265798,848208201,1209875091,2064661047,164984916,104357447,1776911115,935561696,812591156,1658028387,665474835,1341823040,2146960996,25848919,3269199623,3325578785,2583280056,1814811682,3562769719,2772271389,1354739157,2153819275,1748306763,230043092,4290821258,3435586053,308753715,1693077075,2965881768,1335059518,1150056406,1410758950,529124876,2396819215,432712738,4160435550,4002824195,3056280672,859810370,5577327,2663373480,243810867,3950220475,2802926495,1208230977,1638718277,3322671086
LastModified=1630064910
NaturalSize_1=81,16

[/usr/share/aurorae/themes/Kali-Dark/decoration.svg]
1137188007=615.49728,116.052,107.8127199999999,86.01
1249527110=109.9957017,47.251370980000004,145.0015783,68.80989102
1282516039=254.99728000000002,47.247621020000004,107.81331872900003,68.81364098
1404062101=110,116.06,145,86
1446162464=254.99996,202.05721970000002,107.81241996,94.75652050299999
2028505446=470.4957017,202.0665946,145.00429830000002,94.8154054
3100374136=362.68,116.061262,107.81945165999997,86.010738
3143547497=615.49728,47.25,107.81651999999997,68.8125
3174541906=470.5,116.06,145,86
335059873=362.807,202.0609,107.81200000000001,94.75259999999997
3427844310=254.99728000000002,116.061262,107.80947502000001,85.99970766000001
3774050869=2.189976639999999,202.05675095499998,107.81135,94.752958041
3782582082=362.6862,47.25,107.81690787100001,68.8125
3786974585=2.1862266800000008,47.249496,107.816881191,68.811766
3811102216=615.498,202.05200000000002,107.8119999999999,94.76149999999996
3911302400=470.4957017,47.251999999999995,145.00429830000002,68.809262
4138426305=109.9957017,202.0665946,145.0015783,94.81398864000002
431847700=2.310725352,116.061262,107.688726308,85.99970766000001
Invalidelements=840400709,1153911694,2505253129,1460445314,2422890668,1441020601,1035176738,475375487,330894556,1002192166,575699473,827657275,889777669,583628360,73585820,360471321,3219634182,1109407717,1021152083,1638844970,3926588365,3234472789,2960142209,2886820927,1779043397,3980478711,2946975677,1198156038,2401578425,1619007968,2694074935,1081390941,394423619,6971204,3748947923,2006764281,2458613350,1199864589,3937720940,3009114322,1358760537,2872241643,3346541097,1849776680,3405522543,1688207177,4040657070,4103398557,3039760417,2885583387
LastModified=1630064910
NaturalSize_1=378,330

[/usr/share/aurorae/themes/Kali-Dark/maximize.svg]
1848313521=33.375,0.75,14.5,14.5
2949062343=49.688,1,14.5,14.5
3042977338=0.75,0.75,14.5,14.5
3249299432=66,1,14.5,14.5
3717168899=17.062000000000005,0.7500399999999999,14.5,14.499999999999998
Invalidelements=555824950,3057280645,2327507568,512642531,2112691832,3495035579,2112055732,386555183,3367182256,3519836096,1027021763,1058910368,810808793,3463821587,954816190,2742392389,1741618304,1612736998,3892885656,1004203135,2032838763,1437487142,1202719075,2465538344,803518368,1264247185,2833828167,282835980,966036872,554965127,3209356230,4082558922,2540698038,4203249012,2797476020,557672776,2635033419,2369132032,3911114412,622632570,3822825034,103960734,2319386975,1371941414,1415419214,2538408189,3975773628,1819724433,1707270670,3147691154,3000801114,3533119593,493986614,4141943607,154765816,1910492253,2925465544,1521237384,1771229123,3524225769,1201462525,1986573251,2963855756,3617096602,3296815411,4186243411,350548415,3233192182,1101406631,2470682572,3302019557,3262414494,2232828485,2512604719,1774257610,1481246704,1161350091,2882395008,1636799897,2857252815,3249027927,1538477927,1521385004,42631546,1034993544,4153639517,2055942534,545058377,3655570202,564602031,971439020,4061606167,1599010843,829335897,1735821344,732664044,958979493,2316008798,800157955,201288165,4163615705,89686392,3321318002,1284665841,4178250291,1942050936,207842589,4197704400,446278190,1258851075,2417004731,2268568699,1931113969,1601381567,883388152,2349737844,4023063848,2561553336,1077372417,3319190709,3492943004,630219205,2080304601,3308575244,3775021997,3557068099,1332418988,284027939
LastModified=1630064910
NaturalSize_1=81,16

[/usr/share/aurorae/themes/Kali-Dark/minimize.svg]
1774319049=17.062000000000005,0.7500399999999999,14.5,14.499999999999998
2456678651=33.375,0.75,14.5,14.5
2966869872=66,1,14.5,14.5
3133969211=49.688,1,14.5,14.5
4131388540=0.75,0.75,14.5,14.5
Invalidelements=2468367833,798902601,87632053,1960154715,2870929477,19781612,3127718292,701047422,1830713952,3488164772,171429894,1852614674,790179809,4259739402,1845997270,3139390456,2868464442,3079925055,2434121776,2215558528,1477844196,437316237,1489787522,717490092,2909330122,3702152071,4167259744,3115251470,3092488422,2022167828,1710317077,715183984,3162758722,2611141042,3454845414,2853966603,3530273700,2336112544,999742831,1573316547,2707042503,2196398085,1570005532,2070129216,1524161139,1656407637,688984225,1169979763,1472557967,2791496633,4015074027,836405904,1391833114,2036148739,851660005,1895804334,579481078,2140492693,692244504,3901541678,3274127444,1592962997,34974340,1792805205,3418572546,2812333523,987371386,175189638,4282152805,416803847,2103686511,720014643,2075276388,4047831354,3151362365,1450564456,2661932957,4205534288,2668695633,2862331834,3405732226,3131947430,2678003432,2376990848,142307408,3289680285,1032669789,205807127,1068033453,4150276753,3471942742,3581936108,633335242,2434819468,2295704964,2221643986,1770570016,2597477704,3392308562,1696063357,3192833237,1264129610,284829906,2980984434,4241707573,3498139953,491876455,3627993600,3001659403,3582182332,3947375614,2490655999,44368868,2482636505,3377127154,3988490071,1389228176,2215503304,1643214457,1084250678,388758427,2769233979,523285515,2615383926,2729060915,3524442271,1340010398,3226071947
LastModified=1630064910
NaturalSize_1=81,16

[/usr/share/aurorae/themes/Kali-Dark/restore.svg]
2085863702=0.75,0.75,14.5,14.5
2551231015=49.688,1,14.5,14.5
2962061852=66,1,14.5,14.5
325398222=33.375,0.75,14.5,14.5
4025941705=17.062000000000005,0.7500399999999999,14.5,14.499999999999998
Invalidelements=925273928,888745631,3001027526,2918265564,1116793003,2707147191,2395866673,716322156,909895795,4017144849,597089787,3622130129,128186436,2755615883,2984893529,1688242240,2745111263,646613545,987935264,1552680373,2918222023,451170630,2662178801,3266865525,3746156169,583722234,879624455,772705289,2664210092,3651601708,2153259010,3593853905,540423133,2747259101,1809917544,2132503052,2699106311,873761324,3428093682,3608457980,2758199302,160352252,173374610,263221153,3233145930,1799819135,2177994201,920268165,3043076908,2742331456,2034799442,842247199,600400446,3935193343,706730133,2640687546,679441482,3052773098,2877752077,1074624746,999837762,788930512,289533043,3073838194,1957669339,1465494441,4101527514,99752330,1112802291,571634575,811298579,1566781882,3032129610,4153424894,4246487184,4170488380,2726541431,3184407207,190606153,10268872,1365038099,4051348331,2129041038,4064099067,956984965,3469380467,1033369744,2763416748,2542033950,2088512401,91884924,439338915,830269784,577523773,670125846,2682150605,911532397,712442667,1652450648,2183157512,2669236385,2397893388,463420591,3687170645,1722913351,4142020559,1389772546,1012373110,3510735356,1356615734,2971461422,1213638184,74586051,2836337838,59345892,2144441972,1977666567,2987976355,1868911737,2910441867,2694469975,1800564352,1465206257,3921937910,107939580,1673744955,3119611945,3810969635
LastModified=1630064910
NaturalSize_1=81,16

[/usr/share/icons/Flat-Remix-Blue-Dark/actions/scalable/application-menu.svg]
Invalidelements=129180392,3384040653,249958145,713664350
LastModified=1630064910
NaturalSize_1=22,22

[/usr/share/icons/Flat-Remix-Blue-Dark/actions/scalable/arrow-right.svg]
Invalidelements=1516839400,2691296257,183206062
LastModified=1630064910
NaturalSize_1=22,22

[/usr/share/icons/Flat-Remix-Blue-Dark/actions/scalable/bookmarks.svg]
Invalidelements=829982252,1671077346,2963827212
LastModified=1630064910
NaturalSize_1=22,22

[/usr/share/icons/Flat-Remix-Blue-Dark/actions/scalable/compass.svg]
Invalidelements=537780551,558221264,1021712719
LastModified=1630064910
NaturalSize_1=22,22

[/usr/share/icons/Flat-Remix-Blue-Dark/actions/scalable/edit-clear-locationbar-rtl.svg]
Invalidelements=1525209967,3551001528,3158225752
LastModified=1630064910
NaturalSize_1=22,22

[/usr/share/icons/Flat-Remix-Blue-Dark/actions/scalable/media-playback-pause.svg]
Invalidelements=2693335477,2784439090,1702888734
LastModified=1630064910
NaturalSize_1=22,22

[/usr/share/icons/Flat-Remix-Blue-Dark/actions/scalable/media-playback-start.svg]
Invalidelements=382348626,1911406187,1775824290
LastModified=1630064910
NaturalSize_1=22,22

[/usr/share/icons/Flat-Remix-Blue-Dark/actions/scalable/media-playback-stop.svg]
Invalidelements=2599045100,1568941936,721700498
LastModified=1630064910
NaturalSize_1=22,22

[/usr/share/icons/Flat-Remix-Blue-Dark/actions/scalable/media-skip-backward.svg]
Invalidelements=1116849620,4047268145,1216388868
LastModified=1630064910
NaturalSize_1=22,22

[/usr/share/icons/Flat-Remix-Blue-Dark/actions/scalable/media-skip-forward.svg]
Invalidelements=932914516,3023061576,1438091382
LastModified=1630064910
NaturalSize_1=22,22

[/usr/share/icons/Flat-Remix-Blue-Dark/actions/scalable/window-close.svg]
Invalidelements=217328324,870930514,3319805330,3790830748,3898647365
LastModified=1630064910
NaturalSize_1=22,22

[/usr/share/icons/Flat-Remix-Blue-Dark/actions/scalable/window-minimize.svg]
Invalidelements=1698494336,727078358,4267374797,100211310
LastModified=1630064910
NaturalSize_1=22,22

[/usr/share/icons/Flat-Remix-Blue-Dark/actions/symbolic/go-previous-symbolic.svg]
Invalidelements=358524484,3013944603,3943709718
LastModified=1630064910
NaturalSize_1=16,16

[/usr/share/icons/Flat-Remix-Blue-Dark/categories/scalable/applications-internet.svg]
Invalidelements=822728623,3467612307,4269557124,893521920
LastModified=1630064910
NaturalSize_1=512,512

[/usr/share/icons/Flat-Remix-Blue-Dark/categories/scalable/applications-other.svg]
Invalidelements=4047710288,3854271853,3118057647,142435875
LastModified=1630064910
NaturalSize_1=512,512

[/usr/share/icons/Flat-Remix-Blue-Dark/categories/scalable/bleachbit.svg]
Invalidelements=2053469741,2567295441,1914382883,2593331519
LastModified=1630064910
NaturalSize_1=512,512

[/usr/share/icons/Flat-Remix-Blue-Dark/categories/scalable/firefox-esr.svg]
Invalidelements=341936236,1473447245,2425722160,3088185792
LastModified=1630064910
NaturalSize_1=512,512

[/usr/share/icons/Flat-Remix-Blue-Dark/categories/scalable/help-browser.svg]
Invalidelements=968860584,2847549892,3936415425,3171773925
LastModified=1630064910
NaturalSize_1=512,512

[/usr/share/icons/Flat-Remix-Blue-Dark/categories/scalable/kali-database-assessment-trans.svg]
Invalidelements=2896090767,2065671411,1693652005,3565485921
LastModified=1630064910
NaturalSize_1=512,512

[/usr/share/icons/Flat-Remix-Blue-Dark/categories/scalable/kali-exploitation-tools-trans.svg]
Invalidelements=3738128063,1482829845,694975547,3947464600
LastModified=1630064910
NaturalSize_1=512,512

[/usr/share/icons/Flat-Remix-Blue-Dark/categories/scalable/kali-forensics-trans.svg]
Invalidelements=692513533,1640663824,3658956540,3831277436
LastModified=1630064910
NaturalSize_1=512,512

[/usr/share/icons/Flat-Remix-Blue-Dark/categories/scalable/kali-info-gathering-trans.svg]
Invalidelements=3930562854,1626432120,3707008657,2985741476
LastModified=1630064910
NaturalSize_1=512,512

[/usr/share/icons/Flat-Remix-Blue-Dark/categories/scalable/kali-maintaining-access-trans.svg]
Invalidelements=3548121947,376681771,3708080700,2647804016
LastModified=1630064910
NaturalSize_1=512,512

[/usr/share/icons/Flat-Remix-Blue-Dark/categories/scalable/kali-password-attacks-trans.svg]
Invalidelements=1641777077,680863632,2697572527,3057544162
LastModified=1630064910
NaturalSize_1=512,512

[/usr/share/icons/Flat-Remix-Blue-Dark/categories/scalable/kali-reporting-tools-trans.svg]
Invalidelements=3118838377,3325751553,1828622704,1133152214
LastModified=1630064910
NaturalSize_1=512,512

[/usr/share/icons/Flat-Remix-Blue-Dark/categories/scalable/kali-reverse-engineering-trans.svg]
Invalidelements=4250474723,1737528324,1664130156,3160866172
LastModified=1630064910
NaturalSize_1=512,512

[/usr/share/icons/Flat-Remix-Blue-Dark/categories/scalable/kali-sniffing-spoofing-trans.svg]
Invalidelements=3391729230,2737748386,1645303104,2431044910
LastModified=1630064910
NaturalSize_1=512,512

[/usr/share/icons/Flat-Remix-Blue-Dark/categories/scalable/kali-social-engineering-trans.svg]
Invalidelements=3985446517,2675574912,3127332710,2509882449
LastModified=1630064910
NaturalSize_1=512,512

[/usr/share/icons/Flat-Remix-Blue-Dark/categories/scalable/kali-training.svg]
Invalidelements=3634897490,68754794,3965012809,2349192144
LastModified=1630064910
NaturalSize_1=512,512

[/usr/share/icons/Flat-Remix-Blue-Dark/categories/scalable/kali-vuln-assessment-trans.svg]
Invalidelements=1743216428,2134397106,377409565,1343727473
LastModified=1630064910
NaturalSize_1=512,512

[/usr/share/icons/Flat-Remix-Blue-Dark/categories/scalable/kali-web-application-trans.svg]
Invalidelements=2660328901,2580060257,3495121815,568928450
LastModified=1630064910
NaturalSize_1=512,512

[/usr/share/icons/Flat-Remix-Blue-Dark/categories/scalable/kali-wireless-attacks-trans.svg]
Invalidelements=2309561356,12104490,4185514163,627493630
LastModified=1630064910
NaturalSize_1=512,512

[/usr/share/icons/Flat-Remix-Blue-Dark/categories/scalable/offensive-security.svg]
Invalidelements=1977547863,3340745024,905749306,877399295
LastModified=1630064910
NaturalSize_1=512,512

[/usr/share/icons/Flat-Remix-Blue-Dark/categories/scalable/plasmashell.svg]
Invalidelements=354075286,3967281839,2454334549,226232521
LastModified=1630064910
NaturalSize_1=512,512

[/usr/share/icons/Flat-Remix-Blue-Dark/categories/scalable/preferences-desktop-theme-global.svg]
Invalidelements=530181916,4024024145,3775491776,2864351945
LastModified=1630064910
NaturalSize_1=512,512

[/usr/share/icons/Flat-Remix-Blue-Dark/categories/scalable/preferences-desktop-wallpaper.svg]
Invalidelements=1376901491,2452600769,3943536356,3317544359
LastModified=1630064910
NaturalSize_1=512,512

[/usr/share/icons/Flat-Remix-Blue-Dark/categories/scalable/preferences-system.svg]
Invalidelements=3401503010,387334650,3374021237,143707242
LastModified=1630064910
NaturalSize_1=512,512

[/usr/share/icons/Flat-Remix-Blue-Dark/categories/scalable/sublime-text.svg]
Invalidelements=98454578,1009457778,1002103453,3128337087,2120316544
LastModified=1630064910
NaturalSize_1=512,512

[/usr/share/icons/Flat-Remix-Blue-Dark/categories/scalable/system-file-manager.svg]
Invalidelements=3421551065,173097914,340640816,3294663740,884829094
LastModified=1630064910
NaturalSize_1=512,512

[/usr/share/icons/Flat-Remix-Blue-Dark/categories/scalable/utilities-terminal.svg]
Invalidelements=578116661,606738148,2655094368,3664703581
LastModified=1630064910
NaturalSize_1=512,512

[/usr/share/icons/Flat-Remix-Blue-Dark/mimetypes/scalable/application-x-shellscript.svg]
Invalidelements=3593780696,323422561,660381530,1286687322
LastModified=1630064910
NaturalSize_1=36,36

[/usr/share/icons/Flat-Remix-Blue-Dark/mimetypes/scalable/unknown.svg]
Invalidelements=101745188,1129632682,3275320412,3365756385
LastModified=1630064910
NaturalSize_1=36,36

[/usr/share/icons/Flat-Remix-Blue-Dark/panel/update-none.svg]
Invalidelements=3623185665,2595414512,1469147751
LastModified=1630064910
NaturalSize_1=24,24

[/usr/share/plasma/desktoptheme/default/icons/applications.svgz]
2515467872=1.0736427720287244e-15,6.874999979868533,8.962962604368025,15.124999848734724
2782016141=21.999997928567044,1.8391654692528903e-05,31.999995519736583,31.999996479970918
2832523969=2.6353049858886872e-15,9.999999970717866,21.999999119812426,21.99999977997778
4278796824=8.962962119045832,1.264426260111362e-05,13.037035211744533,21.999997579980004
Invalidelements=625706762,3828132252
LastModified=1629082392
NaturalSize_1=54,32
applications-other=22x22,

[/usr/share/plasma/desktoptheme/default/icons/audio.svgz]
2349068743=96.000003,-32,32.00000099999998,32.000001
2814864711=44,0,22,22
2841700911=0,0,22,22
3131470481=32,22,16,16
316741992=16,22,16,16
3769029176=22,0,22,22
3873880631=66,0,22,22
4068299671=48,22,16,16
933548751=0,22,16,16
Invalidelements=1512215332,2808983511
LastModified=1629082392
NaturalSize_1=22,22
audio-volume-high=16x16,22x22,
audio-volume-low=16x16,22x22,
audio-volume-medium=16x16,22x22,
audio-volume-muted=16x16,22x22,

[/usr/share/plasma/desktoptheme/default/icons/battery.svgz]
1244962790=214.53572,426.50504,22,22
139528590=258.53571,426.50504,23.00009,22.00006000000002
1404996740=434.53571,404.50504,22,22
1557269767=456.53571,404.50504,22,22
1567534415=368.53571,404.50504,22,22
1648896423=346.53571,404.50504,22,22
1979303671=324.53571,404.50504,22,22
2249027614=280.53571,404.50504,22,22
2368118592=412.53571,404.50504,22,22
2578827183=-63.99996999999999,23.999959999999987,32,32
2882606284=302.53571,404.50504,22,22
3353763904=258.53571,404.50504,22,22
354103585=236.53572,426.50504,21.99999999999997,22
4289874481=214.53572,404.50504,22,22
672320836=390.53571,404.50504,22,22
829782026=236.53572,404.50504,21.99999999999997,22
917117243=-32,-8,32,32
97922249=-350,-8,32,32
AcAdapter=22x22,
Battery=22x22,
Fill0=22x22,
Fill10=22x22,
Fill100=22x22,
Fill20=22x22,
Fill30=22x22,
Fill40=22x22,
Fill50=22x22,
Fill60=22x22,
Fill70=22x22,
Fill80=22x22,
Fill90=22x22,
Invalidelements=671325458,1045810119,3123272509
LastModified=1629082392
NaturalSize_1=22,22
Unavailable=23x22,
battery-ups=22x22,

[/usr/share/plasma/desktoptheme/default/icons/configure.svgz]
1633420577=22,0,32,32
185502400=8.962962962962962,0,13.037037037037036,22
2201612326=-16,16.0000003,16.00000006,16.00000006
2350970819=0,10,22,22
2570546347=0,6.875,8.962962962962962,15.125
Invalidelements=3641230157,4331055
LastModified=1629082392
NaturalSize_1=54,32
configure=22x22,16x16,

[/usr/share/plasma/desktoptheme/default/icons/device.svgz]
2661037130=0,0,31.99998499999998,31.999985000000038
3346309697=358,534.36218,21.99998499999998,21.999985000000038
521206269=387,537.36218,15.999984999999981,15.999985000000038
Invalidelements=1551734744,2106913758
LastModified=1629082392
NaturalSize_1=32,32
device-notifier=16x16,22x22,

[/usr/share/plasma/desktoptheme/default/icons/edit.svgz]
2645569530=0,10,22,22
2726920135=-16,16,16,16
Invalidelements=2654991113,3292472490,1388597376
LastModified=1629082392
NaturalSize_1=54,32
edit-delete=22x22,16x16,

[/usr/share/plasma/desktoptheme/default/icons/go.svgz]
Invalidelements=3868986041,2361534170,2963989830
LastModified=1629082392
NaturalSize_1=22,22

[/usr/share/plasma/desktoptheme/default/icons/kdeconnect.svgz]
3375372500=0,0,32,32
3507552463=355,534.36218,22,22
594495706=303,537.36218,16,16
Invalidelements=173892769,1488791818
LastModified=1629082392
NaturalSize_1=32,32
kdeconnect=22x22,16x16,

[/usr/share/plasma/desktoptheme/default/icons/klipper.svgz]
3799817911=-1.99055635625e-08,-6.875e-07,22.000002749999997,22
578805592=-2.8953547e-08,-1e-06,32.000004,32
635325575=49,4.999999,22,22
8375660=33.6875,3.4374993125,15.125,15.125
Invalidelements=2607669550,3136646106
LastModified=1629082392
NaturalSize_1=32,32
klipper=22x22,

[/usr/share/plasma/desktoptheme/default/icons/list.svgz]
1841523370=44,6,16.000000060000005,16.00000006
3210595239=-16,6,16.00000006,16.00000006
3955134267=0,0,22,22
Invalidelements=2561717976,4157977463
LastModified=1629082392
NaturalSize_1=22,22
list-add=16x16,
list-remove=16x16,

[/usr/share/plasma/desktoptheme/default/icons/media.svgz]
1340708371=174,0,22,22
1754927378=72,-32,32,32
194598273=344,22,16,16
1983380422=106,-32,32,32
1993264595=310,22,16,16
2037613290=140,-32,32,32
2146811797=208,-32,32,32
2170273882=276,22,16,16
2262859728=72,22,16,16
2317436185=140,22,16,16
2519856652=106,0,22,22
2660518591=242,22,16,16
2696589841=344,-32,32,32
2698615492=106,22,16,16
277944079=344,0,22,22
2824182854=276,-32,32,32
2855031743=174,-32,32,32
2871721913=276,0,22,22
287215182=242,0,22,22
3432309638=242,-32,32,32
371951912=208,22,16,16
3818466784=72,0,22,22
3872972589=208,0,22,22
4026265651=310,-32,32,32
44841361=140,0,22,22
600449743=310,0,22,22
972301456=174,22,16,16
Invalidelements=2034714414,1057359973,2797071167,1818358251,3622370104,591307470,1769562396
LastModified=1629082392
NaturalSize_1=22,22
media-eject=22x22,32x32,16x16,22x22,32x32,16x16,
media-playback-pause=32x32,22x22,16x16,32x32,22x22,16x16,
media-playback-start=16x16,32x32,22x22,16x16,32x32,22x22,
media-playback-stop=22x22,32x32,16x16,22x22,32x32,16x16,
media-record=22x22,16x16,32x32,22x22,16x16,32x32,
media-seek-backward=32x32,22x22,16x16,32x32,22x22,16x16,
media-seek-forward=22x22,32x32,16x16,22x22,32x32,16x16,
media-skip-backward=22x22,16x16,32x32,22x22,16x16,32x32,
media-skip-forward=32x32,16x16,22x22,32x32,16x16,22x22,

[/usr/share/plasma/desktoptheme/default/icons/network.svgz]
2920583202=22,22,22,22
514000203=0,22,22,22
Invalidelements=1585628451,1369462591
LastModified=1629082392
NaturalSize_1=22,22

[/usr/share/plasma/desktoptheme/default/icons/notification.svgz]
2872572765=0,0,22,22
Invalidelements=2794474751,2286034818
LastModified=1629082392
NaturalSize_1=22,22

[/usr/share/plasma/desktoptheme/default/icons/preferences.svgz]
2018795959=0,0,22,22
3451877353=22,94,22,22
4173299338=44,94,22,22
472272655=66,94,22,22
Invalidelements=742826261,3397767830,1346540372,2282730962
LastModified=1629082392
NaturalSize_1=22,22
preferences-desktop-display-randr=22x22,22x22,
preferences-system-bluetooth=22x22,22x22,
preferences-system-bluetooth-activated=22x22,22x22,
preferences-system-bluetooth-inactive=22x22,22x22,

[/usr/share/plasma/desktoptheme/default/icons/system.svgz]
1122464837=26.074074074074073,0,37.925925925925924,16
1147658366=8.962962962962962,5.5,13.037037037037036,5.5
1170261026=0,18.21875,8.962962555555555,3.78125
1333304939=108,10,22,22
1463601585=0,12.71875,8.962962962962962,3.78125
1538411863=0,10,22,22
1582189239=54,10,22,22
15942660=112,74,22,22
1838429879=54,42,22,22
1864372828=76,64,32,32
2111773555=26.074074074074073,16,37.925925925925924,16
2351247538=0,106,21.999999,22
2431468028=22,12.71875,8.962962962962962,3.78125
2453116695=26.074074074074073,32,37.925925925925924,16
247309664=0,7.21875,8.962962962962962,3.78125
2582023550=8.962962962962962,11,13.037037037037036,5.5
2585724982=0,1.71875,8.962962962962962,3.78125
2653171007=22,96,32,32
2799135872=0,74,22,22
3518326434=26.074074074074073,48,37.925925925925924,16
3598746924=54,106,22,22
3644828586=22,64,32,32
3713359360=0,42,22,22
3989997454=54,74,22,22
4080411369=8.962962962962962,16.5,13.037037037037036,5.5
4127127810=22,0,32,32
414591576=112,42,22,22
4172156711=90.07407407407408,32,37.925925925925924,16
4185403590=22,32,32,32
463846751=30.962962962962962,11,13.037037037037036,5.5
862734920=0,-22,22,22
92667814=8.962962962962962,0,13.037037037037036,5.5
Invalidelements=1388574182,1384367113
LastModified=1629082392
NaturalSize_1=54,128
system-lock-screen=22x22,
system-log-out=22x22,22x22,
system-reboot=22x22,
system-save-session=22x22,
system-search=22x22,
system-shutdown=22x22,
system-suspend=22x22,
system-suspend-hibernate=22x22,
system-switch-user=22x22,
system-user-list=22x22,
system-user-prompt=22x22,
system-users=22x22,

[/usr/share/plasma/desktoptheme/default/icons/user.svgz]
1195887427=-88,0,22,22
2502424160=-292,10,22,22
2634500653=-218,-16,48,48
2825983463=-160,-32,64,64
2882863337=-260,0,32,32
3222590298=-432,0,108,108
4245718405=-318,16,16,16
Invalidelements=3296032389,1181881321
LastModified=1629082392
NaturalSize_1=22,22
user-desktop=32x32,16x16,22x22,48x48,

[/usr/share/plasma/desktoptheme/default/icons/window.svgz]
1070483360=16,0,16,16
1844291970=4.440892098500626e-16,-8,8,8
2734528153=-22,-6,22,22
3604686362=0,0,16,16
91181666=19,-8,8,8
Invalidelements=2592099553,1635330053,3439943044,4082095747
LastModified=1629082392
NaturalSize_1=32,16
window-pin=16x16,8x8,16x16,8x8,
window-unpin=16x16,8x8,16x16,8x8,

[/usr/share/plasma/desktoptheme/default/opaque/widgets/tooltip.svgz]
1247389010=0,0,5,5
279711124=19,43.99996500000009,32,6.000030299999935
308411416=50.999985,12,6.000030299999999,32
3084850466=33,38,4,5.999975199999994
3743924817=33,12,4,6.000024800000006
396765067=12.999969699999996,11.999940000000151,6.000030299999997,32
3973016954=19.000000200000002,26,6.000003799999998,4
4244976257=19,5.999944700000015,32,6.000030299999935
866505028=44.9999847,26,6.000015300000001,4
Invalidelements=120713341,2964118127,1871434595,3497320740,2279736276,49490719,255748124,971189863,1537532893,355982969
LastModified=1629082392
NaturalSize_1=173,56

[/usr/share/plasma/desktoptheme/default/translucent/dialogs/background.svgz]
1124193529=115,26,8,3.9999768999999787
1393376117=18.999985000000002,44,32,6
1404331689=13.0000045,12,5.999999500000001,32
1446605519=92.939331,-5.99999999622014e-05,3.9999997999999977,8.000007600000004
1564438292=13,43.99998000000005,6,6
1637625552=62.999999,26,9.999999974752427e-07,4
1733346981=93,48,3.9999997999999977,8.000045799999953
1899960194=67,-1.9999999949504854e-05,12,12
1910646841=111,43.99998000000005,12,12
1911584842=111,-1.9999999949504854e-05,12,12
2083715402=160,9.99998000000005,6,6
2157228561=33,38,4,5.999975199999994
2257013914=67,26,8,4.000022899999976
2299850778=51,5.9999800000000505,6,6
2361781276=19.000004,12,32,32
2386458767=126.0000019,16,5.999998099999999,28.000014999999962
2407023831=13.000003000000001,26,9.999999992515995e-07,4
2422268741=66.999999,43.99998000000005,12.000000999999997,12
2448388648=114.99999,12,8,32
2508927046=79,0,32,8
2582022815=126,9.99998000000005,6,6
2645600104=67,12,8,32
2706717438=132,16,27.99999199999999,28.000014999999962
3262214357=126,43.99998000000005,6,6
3432344409=18.999985000000002,6,32,6
3443127270=44.9999847,26,6.000015300000001,4
3462150405=33,12,4,6.000024800000006
3463430162=79,47.99982,32,8
3621539720=51,43.99998000000005,6,6
3672072494=13,5.9999800000000505,6,6
394796947=160,43.99998000000005,6,6
3956199921=132,10,27.99999199999999,6.000020999999947
4022205306=132,43.9999785,27.99999199999999,6.000021500000003
4169049799=50.999985,12,5.999999500000001,32
538533557=19.000000200000002,26,6.000003799999998,4
576933482=33,0,4,9.999999974752427e-07
876423763=160.0000019,16,5.999998099999999,28.000014999999962
886377178=0,0,5,5
97658145=33,50,4,9.999999974752427e-07
Invalidelements=1760741916,1523043204,2574234879,314533967,4250670035,465668305,3610491455,3193402800,3003171528,4010548545,2430219404,4216275259,3458692668,3646920602,1968187706,384844868,1870726810
LastModified=1629082392
NaturalSize_1=173,56

[/usr/share/plasma/desktoptheme/default/translucent/widgets/background.svgz]
1273984079=28,61,4,14
1287094364=1,49,8,4
1847957067=5,8.625,5,4.375
18795470=43,44,14,4
2579372229=1.0000119999999981,62.99939,12.000453,12.000610000000002
2586762247=1,44.062355,14,4
3100557053=13.00001200692786,63.00000000000003,32.00045319307214,11.999799999999993
3115791960=45.00001,62.99939,12,12.000610000000002
311810254=13.00045599999999,30.99938283906272,31.999997999999987,32.00000062694244
3175568074=1.000012,18.99999999999997,12.000453,12
3665955111=13.00001199313462,19,32.00045120686538,11.999400000000009
3670113433=45.000465000000005,30.999396500000046,11.999541999999991,32.000591269239976
4107657743=34,19,4,8
494703=1.00000399999999,30.999396500000046,12.000001999999995,32.000591269239976
812002257=28,19,4,14
840460360=34,67,4,8
971608223=49,49,8,4
975638233=45.000012,18.99999999999997,12.000000000000007,12
Invalidelements=1663458452,3478494585,2710624770,3871753853,3912310948,2523659839
LastModified=1629082392
NaturalSize_1=148,148

[/usr/share/plasma/desktoptheme/default/translucent/widgets/panel-background.svgz]
1021831486=18.999985000000002,116,32,6
1087449901=53,98,4,4
1116384328=39,14,4,8
1196189486=132,115.9999785,27.99999199999999,6.000021500000003
1247762289=50.999985,84,5.999999500000001,32
132654139=49,40,8,4
1365501127=18.999985000000002,78,32,6
1385598541=79,72,32,8
1416675771=51,77.99998000000005,6,6
1421898744=126.0000019,88,5.999998099999999,28.000014999999962
1493924822=132,88,27.99999199999999,28.000014999999962
1734957656=13,77.99998000000005,6,6
1964871515=13,40,8,4
2034577729=13,115.99998000000005,6,6
2112978798=114.99999,84,8,32
2281464473=93,120,3.9999997999999977,8.000045799999953
282585237=40,50,4,8
2873151781=33,118,4,4
2887972717=32,78,4,4
2908106232=79,119.99982,32,8
2921370593=0,72,5,5
2964397736=160.0000019,88,5.999998099999999,28.000014999999962
2972640328=115,98,8,3.9999768999999787
3136642725=13,98,4,4
3232078971=62.999999,98,9.999999974752427e-07,4
3318577653=13.000003000000001,98,9.999999992515995e-07,4
3473806187=67,71.99998000000005,12,12
3717387783=92.939331,71.99994000000004,3.9999997999999977,8.000007600000004
3869206522=111,71.99998000000005,12,12
4059569003=51,115.99998000000005,6,6
4078185218=33,122,4,9.999999974752427e-07
4169694026=67,84,8,32
4222531710=13.0000045,84,5.999999500000001,32
437313658=19.000004,84,32,32
586062017=66.999999,115.99998000000005,12.000000999999997,12
595815227=111,115.99998000000005,12,12
608628334=20,20,32,32
746004424=132,82,27.99999199999999,6.000020999999947
798714151=33,72,4,9.999999974752427e-07
931314311=67,98,8,4.000022899999976
Invalidelements=431593754,1645691849,1424566992,3870567860,1599067726,3152588311,2170096095,2504516761,2815577802,3417384414,2329053607,4180999940,1468394464,1367837944,3663560038,3778328801,2142781440,3781514787,3396177790,4049411337,2989286369,1953273983,3356807488,4132676300,26896849,2784870600,1638057723,3053947546,4024086521,226882444,1047037416,1294091221,2787015792,2978907567,1111622053
LastModified=1629082392
NaturalSize_1=173,128

[/usr/share/plasma/desktoptheme/default/translucent/widgets/tooltip.svgz]
117291666=13,5.9999800000000505,6,6
1225941095=160,43.99998000000005,6,6
1265349805=115,26,8,3.9999768999999787
1305286019=132,10,27.99999199999999,6.000020999999947
1377085640=67,12,8,32
144643583=33,0,4,9.999999974752427e-07
14923607=79,0,32,8
1532370823=62.999999,26,9.999999974752427e-07,4
1777893148=92.939331,-5.99999999622014e-05,3.9999997999999977,8.000007600000004
1867187065=13.000003000000001,26,9.999999992515995e-07,4
1995712552=79,47.99982,32,8
204736433=160.0000019,16,5.999998099999999,28.000014999999962
2227121715=115.0000029,32,7.999977099999995,3.9999768999999787
2233066481=67,26,8,4.000022899999976
2475107804=126.0000019,16,5.999998099999999,28.000014999999962
2587133058=132,43.9999785,27.99999199999999,6.000021500000003
2610690329=19.000000200000002,26,6.000003799999998,4
2646045316=97,0,4,7.999946600000044
2752387505=51,5.9999800000000505,6,6
2776400521=44.9999847,26,6.000015300000001,4
3034143942=51,43.99998000000005,6,6
3068399650=18.999985000000002,44,32,6
3084088684=114.99999,12,8,32
3201640358=50.999985,12,5.999999500000001,32
3223876352=13.0000045,12,5.999999500000001,32
3393948910=78.939315,11.999979197510015,32,32
345851742=160,9.99998000000005,6,6
3673849402=33,38,4,5.999975199999994
3703254527=33,12,4,6.000024800000006
3781848559=126,9.99998000000005,6,6
3992808965=18.999985000000002,6,32,6
4046296903=13,43.99998000000005,6,6
4069796272=19.000004,12,32,32
4070544982=93,48,3.9999997999999977,8.000045799999953
4116961690=126,43.99998000000005,6,6
4173170649=97,48,4,8.000045799999953
4237495403=67,32,8,4.000022899999976
484352476=132,16,27.99999199999999,28.000014999999962
562511350=33,50,4,9.999999974752427e-07
815311619=0,0,5,5
Invalidelements=3348497958,2661312875,2426346118,3213221032,3265443066,1439552583,2638842913,4204300778,1662571142,1315316204,615442259,2269703224,354633612,2292439367,3067484009,2624474198,3612934897,767073413,283898439,3352685682,828094834
LastModified=1629082392
NaturalSize_1=173,56

[/usr/share/plasma/desktoptheme/default/widgets/action-overlays.svgz]
Invalidelements=150642991,3854752656
LastModified=1629082392
NaturalSize_1=136,136

[/usr/share/plasma/desktoptheme/default/widgets/actionbutton.svgz]
1135306570=86,52,16,16
1650543716=62,80,22,22
2487359483=86,120,16,16
3046067283=2,70,32,32
3089505520=62,12,22,22
3162364279=36,112,24,24
3827847583=86,86,16,16
3929903067=62,114,22,22
3959515272=36,44,24,24
4054336170=62,46,22,22
4109046626=36,10,24,24
443226176=36,78,24,24
596421968=86,17.999999000000003,16,16.000000999999997
Invalidelements=1819836359,512533317,3643792281
LastModified=1629082392
NaturalSize_1=104,138
focus=22x22,16x16,24x24,
hover=24x24,22x22,16x16,
normal=16x16,22x22,24x24,
pressed=22x22,16x16,24x24,

[/usr/share/plasma/desktoptheme/default/widgets/arrows.svgz]
Invalidelements=2129524967,3683649395,3148749920,1310451033
LastModified=1629082392
NaturalSize_1=44,44

[/usr/share/plasma/desktoptheme/default/widgets/bar_meter_horizontal.svgz]
1017095900=10,12,3,2
1522324155=17,20,3,3
1992970155=17,8,3,3
2296219042=0,0,4,4
2341459193=14,27,2,3
2442790512=14,15,2,3
2498574614=10,27,3,3
267427085=10,24,3,2
2768219636=17,12,3,2
2926403371=17,27,3,3
3380783245=17,15,3,3
3792112915=10,20,3,3
4080885553=14,12,2,2
4094344645=14,20,2,3
4234096546=14,8,2,3
4250365609=14,24,2,2
570724974=10,8,3,3
578082869=10,15,3,3
93625163=17,24,3,2
Invalidelements=3852589057,1560581634,3070817222,564544139,167187774,272625916,2773537674,3377064652,2206256510,1366944986,3010230609,2106190376,1183477974,29090638,3178171706,594170830,798354697,3609958218,1073079942,4213305619,2509659588,2710963081,4084907842,4170204525,2538875038,1516782106,1700013231,778364922,2124777016,2771608326,2761087589,2422360079,3189711167,1617271783,2431493214,4084751272,722064755,3331734233,2227419720,2313521139,3692490212
LastModified=1629082392
NaturalSize_1=30,30

[/usr/share/plasma/desktoptheme/default/widgets/busywidget.svgz]
1886216925=58.472801,281.12497,4.233333600000002,4.23333359999998
2313784745=-3.600000010317572e-07,0,35.983334,35.98333400000001
2881459439=51.329166,279.53748,5.820833700000001,5.82083369999998
Invalidelements=3321141517,2252110778
LastModified=1629082392
NaturalSize_1=136,136
busywidget=6x6,4x4,

[/usr/share/plasma/desktoptheme/default/widgets/button.svgz]
1003203415=56,138,22,2
1029343506=206,208,2,2
1070858805=112,144,2,22
1077688875=174,78,6,2
1090243201=237,139,4,4
1112022769=173,170,3,3
120058940=174,182,2,22
1218916220=50,62,2,2
1255359184=190,137,2,1
1344586390=82,144,2,22
1345795596=174,100,2,2
1366808532=128,138,2,6
1399989501=82,62,2,2
1402480025=206,62,2,2
1405955022=190,24,2,1.0000000010279564e-06
1427301463=174,68,2,22
1474779982=190,176,2,6
1488147945=238,178,3,3
1493309197=173,154,1,2
1509267651=-12,192,3.9999999000000006,4
1526374938=265,129,3,3
154542537=180,24,22,3
154543020=252,178,2,4
1647961328=112,154,6,2
1662707998=238,106,3,22
1687751589=174,56,3,3
1688002129=242,205,22,3
17035928=56,94,22,2
1713459377=265,178,3,3
172148988=174,24,3,3
1722839798=-20,152,4,4
1726931806=237,144,4,22
175319509=112,138,2,2
1804510131=265,167,4,4
1866492727=50,94,2,2
1868446830=174,116,0.0010000000000047748,2
1894364143=242,167,22,4
1940794982=180,30,22,22
1941045119=206,176,2,2
2038312035=144,170,2,2
2116165698=174,62,2,2
2126625437=206,30,3,22
2130193699=174,106,2,22
2136293963=238,116,4,2
2142710975=265,144,4,22
2154051621=252,102,2,4
2166573408=50,144,2,22
2184400478=206,100,2,2
2190890671=174,192,6,2
2190999406=265,182,3,22
2203221464=140,154,6,2
2215708912=180,182,22,22
2236813211=265,139,4,4
2267966572=265,205,3,3
2275381498=242,106,22,22
2285766348=238,192,4,2
2291379703=190,62,2,6
2304595630=128,166,2,6
2332880545=82,94,2,2
2391781759=56,144,22,22
2398330359=206,144,3,22
2439346766=190,204,2,6
2440791936=265,102,3,3
2508976247=174,30,3,22
2574950178=-12,152,3.9999999000000006,4
2634585534=206,137,3,3
2635427241=207,116,0.0010000000000047748,2
2677016756=206,56,3,3
2756606643=180,62,22,2
2821974795=208,40,1,2
2827635731=50,138,2,2
2892385508=50,170,2,2
2954440572=242,144,22,22
2986256626=206,132,2,2
3011636788=238,182,3,22
3021517768=264,192,4,2
3077295236=252,204,2,4
3091191302=174,208,2,2
3094379969=174,132,2,2
3109695603=56,62,22,2
3128083406=190,58,2,1
3144475559=144,144,2,22
3162598436=112,170,2,2
3194754651=82,68,2,22
323171632=268,154,1,2
3232259505=180,176,22,2
3241463748=237,167,4,4
3331261815=180,137,22,3
3364193021=144,138,2,2
3371748179=237,154,1,2
3405219047=206,106,2,22
3411863864=242,178,22,3
3413725065=190,172,2,1
3414687464=206,24,3,3
3415787545=56,68,22,22
3484857282=202,192,6,2
3485409812=180,94,22,2
351110899=50,68,2,22
3568759568=238,129,3,3
3634664315=118,170,22,2
3671224516=173,137,3,3
3780708969=174,94,2,2
3796874320=82,138,2,2
3944150009=208,154,1,2
3972009412=242,102,22,3
3974622142=180,144,22,22
3979928339=264,116,4,2
3982835529=206,94,2,2
3998349146=190,100,2,0.0010000000000047748
4035373914=252,139,2,1
4045429403=56,170,22,2
4048014231=252,170,2,1
4053958363=180,100,22,2
4065692677=202,78,6,2
4207654066=242,182,22,22
4244234977=238,205,3,3
4245502564=180,170,22,3
4286262701=118,138,22,2
4287390877=265,106,3,22
47786090=173,144,3,22
50810702=206,182,2,22
535274296=242,129,22,3
561153941=242,139,22,4
584988070=180,208,22,2
59041541=206,68,2,22
599900657=174,40,0.0010000000000047748,2
683106894=82,170,2,2
707789278=180,68,22,22
722895273=190,133,2,0.0010000000000047748
742765642=174,176,2,2
789011384=252,128,2,4
795052377=190,90,2,6
795665196=180,56,22,3
817692578=206,170,3,3
885311117=118,144,22,22
897222314=180,132,22,2
912202488=238,102,3,3
932995918=-12,76,3.9999999000000006,4
944405796=180,106,22,22
Invalidelements=263521377,3862758499,1228188364,2321418760,86433287,983067883,3409649694,1547938733,1272945867,2670200451,795640570,885795024,3034119941,598665588,4174402569,808206505,4019519226,3389902367,1181438971,2582300837,3170867820,1872350090,3594396819,2956479344,1257037538,3170826271,3567561709,1433265083,1803135767,436984002,567466657,1932850858,2127220991,237931561,1153422503,3977260417,2329818698,1467792359,2390906898,3952467513,939662789,168269336,321930848,2660628049,2271220190,2258077247,490527484,3167474695,888069048,3916500386,1802325532,3045735027,2637529945,2198037893,4148628691,3423101500,1500023001,1964816650,2242783065,852093538,858139383,3849844719,3721763793,2333497746,3205299429,1311823639,1534743629,4256438583,2782339247,3649394844,2599132256,1758388403,1171129095,930752655,355659494,1216370663,1752626126,98930934,3058497095,3344206729,1793692254,1834034066,1974674942,412098442,2305048777,1842025025,2780166198,1686002110,2187433087,2143157127,2042498845,3597955128,2736119742,1769845226,3823208991,1717806590,3803396966,3558128971,1303987839,2346912193,1612652078,2924936585,544426327,57557953,2557062008,1051344764,4017468924,3119494761,1313203905,3362033596,4201956886,3201230340,945005700,3213944842,672344878,1055761679,2958731626,2250962852,2579646024,428364966,3259102460
LastModified=1629082392
NaturalSize_1=288,224

[/usr/share/plasma/desktoptheme/default/widgets/configuration-icons.svgz]
670795906=4.7625003,3.9999999984274837e-05,4.233333599999999,4.233332200000007
Invalidelements=950568453,1768990893
LastModified=1629082392
NaturalSize_1=124,52

[/usr/share/plasma/desktoptheme/default/widgets/glowbar.svgz]
2835533548=34,33.99996999999996,12.000000000000384,12.000030000000038
Invalidelements=2259182429,2529453642
LastModified=1629082392
NaturalSize_1=56,56

[/usr/share/plasma/desktoptheme/default/widgets/line.svgz]
Invalidelements=1377482328,470948428
LastModified=1629082392
NaturalSize_1=47,45

[/usr/share/plasma/desktoptheme/default/widgets/lineedit.svgz]
1078781408=40,0,2,6
1194968823=40,79.9990005493,2,0.0010000000474974513
1216536347=77,107,3,3
138073658=77.00000000099999,0,3,3
1434784044=9e-10,14,6,1.99999988079
1466566483=-0.0010000000475,94,0.0010000000475,2
1611909100=74,14,6,2
1824509839=40,110,2,0.0010000000474974513
1872538840=77,27,3,3
2012522052=40,39.9990005493,2,0.0010000000474974513
2043720631=-9.999894245993346e-10,107.0000000001,3,3
208083632=77,67,3,3
2118193252=77.00000000040001,82.99999999984,3,24.00000000006
215209704=77.0000000011,3.0000000000400036,3,24.00000000006
2182223393=3.000000000349999,27.000000000100002,74.00000000000999,3
2199561486=3.000000000349999,67.0000000001,74.00000000000999,3
2235238715=-9.999894245993346e-10,80,3,3
2299023093=0,0,3,3
2378352058=80,94,0.0010000000474974513,2
2532348994=0,42.99999999984,3,24.00000000006
2818642037=6,6,68,18
2893753902=0,-4,2.03293180466,2.07712602615
2933894969=77.00000000099999,40,3,3
2990248414=40,24,2,6
3127455594=-0.0010000000475,54,0.0010000000475,2
3312209455=3.000000000349999,107.0000000001,74.00000000000999,3
3325234247=0,67.0000000001,3,3
3416369125=3.0000000013500028,0,74.00000000000999,3
3505464621=3.0000000013500028,40,74.00000000000999,3
3565542741=3.000000000349999,80,74.00000000000999,3
3687119971=-5.000018177270249e-10,82.99999999984,3,24.00000000006
3708652101=6,46,68,18
3967024844=0,40,3,3
4055601472=40,70,2,0.0010000000474974513
411625703=4,-4,2.0329318046600005,2.07712602615
431764339=80,54,0.0010000000474974513,2
442985252=0,27.000000000100002,3,3
44929790=77.0000000011,42.99999999984,3,24.00000000006
775466096=6,86,68,18
853057955=77,80,3,3
911865370=0,3.0000000000400036,3,24.00000000006
Invalidelements=821907568,2552395313,3795262629,3571503791,3071732089,198567548,1091826257,890686263,3711696414,1479068992,984635343,4055106680,1708567194,2187732104,2939560237,1841852685,1943814020,2806287643,3846001471,2269715517,1371879761,1423645938,2210942716,427589788,132016617,562410104,2506005714,1531769276,4017589122,3375055554,1483097621,4058194711,3171169553,1709768596,2366234640,3138179030,1683102157,2325889609,2112705350,767208253,2650234599
LastModified=1629082392
NaturalSize_1=80,30

[/usr/share/plasma/desktoptheme/default/widgets/margins-highlight.svgz]
Invalidelements=3088915054,1498266790
LastModified=1629082392
NaturalSize_1=15,10

[/usr/share/plasma/desktoptheme/default/widgets/pager.svgz]
1008910304=-13,33,10,1
1132061307=-13,21,10,1
1175371754=-13,9,10,1
1476990138=-3,13,1,1
1534408469=-14,26,1,7
1694279300=-3,9,1,1
1730086487=-3,26,1,7
1736753774=-13,13,10,1
1776456442=-13,25,10,1
184330660=-14,0.99999982,1,1
1884490748=-14,25,1,1
1934369276=-14,9,1,1
1938771468=-13,1.9999998,10,6.999999999999999
2032405256=-3,1.9999998,1,6.999999999999999
2306779999=-14,1.9999998,1,6.999999999999999
2435156782=-13,0.99999982,10,1
2554699038=-14,14,1,7
261308653=-3,14,1,7
2908689223=-3,0.99999982,1,1
3060957538=-3,25,1,1
3264891321=-3,33,1,1
3603840642=-14,33,1,1
3828087003=-14,21,1,1
4042227915=-13,14,10,7
406335668=-13,26,10,7
4070166569=1.1607215,1.2080072,1.0000000000000002,0.9941440799999999
4294265380=-14,13,1,1
86580225=-3,21,1,1
Invalidelements=4089804106,2823400295,2687242262,2533203035,1693899029,3307026121,4080947177,3858565667,2756502754,124281605,634418845,2253018475,211236534,1781241842,101740640,1651655602,2455439212,2779423800,4201971140,2794201958,2919374032,939027386,38018523,347046485,1614282023,3190054350,4224054891,2013931154,3472917461,3179462588,1923004346,3000086005,2735413522,996566448,4281504267,3723527719,340330221,3448508566,2756816243,4033811956
LastModified=1629082392
NaturalSize_1=50,50

[/usr/share/plasma/desktoptheme/default/widgets/plasmoidheading.svgz]
1048215286=45,26,6,4
1049089453=51,12,6,32
1157439307=-7,-7,5,5
1171451005=33,38,4,6
1284845024=19,26,6,4
1517993136=13,6.0000038,6,6.000000200000001
1631652537=51,6.0000039,6,6.0000001
1943425303=67,44,32,6
2225197819=19,6,32,6
2310392301=61,12,6,32
2408470918=13,44,6,6.000017777777785
2707063255=99,44,6,6
2735119505=13,12,6,32
3014924688=61,44,6,6
3115263862=99,12,6,32
3731459505=99,6,6,6
376972885=67,6,32,6
3854742829=33,12,4,6
3923132798=61,5.999982222222222,6,6.000017777777778
3982988386=19,12,32,32
4005214424=51,44,6,6
4258764139=19,44,32,6
917257777=67,12,32,32
Invalidelements=3924070413,54708670,339000266,3986097016,502555323,3694751288,1701739142,3726859086,4080488125,2071252758,4152241376,3403116111,4058279668,3246557706,1221627298,4242903059,1503379061,2325235899,3154427936,2419312600,82767650,4273912378,3444348530,860438440,2355964453,1471483561,4056351357,292104063,2471458762,1817818161,4292900059,3286669340,1556577587,1545875531,3890523042,2647333347,418612177
LastModified=1629082392
NaturalSize_1=173,56

[/usr/share/plasma/desktoptheme/default/widgets/scrollbar.svgz]
1101090478=20,20,1,10
1166721678=32.9999995,30.999999475,7.000000499999999,6.999999825
1224478758=33.0000005,45.00000095,7.000000499999999,7.000000049999997
1419452510=0,18,14,14
1483885068=41,20,1,10
1960645346=33.0000005,53,7.000000499999999,10
2007780739=19.999999999999996,11.99999995,1.0000000000000036,7.000000050000001
2084872964=32.9999995,11.99999995,7.000000499999999,7.000000050000001
2136450988=43,20,6.999999074999998,10
2224789508=41,53,1,10
2238547183=11.999999350000001,30.999999475,7.000000649999999,6.999999825
2270631917=41.000001,45.00000095,1,7.000000049999997
2502194465=11.999999350000001,20,7.000000649999999,10
272493614=21.9999991,11.99999995,6.999999825,7.000000050000001
2754695558=19.999999999999996,30.999999475,1.0000000000000036,6.999999825
3010678295=42.99999925,30.999999475,6.999999825000003,6.999999825
3092358149=11.999999350000001,11.99999995,7.000000649999999,7.000000050000001
3439948300=43.00000025,45.00000095,6.999999825000003,7.000000049999997
3545817855=7.2599602,11.659418,2.0329318,2.077126
3843952719=41.000001,64.000000475,1,6.999999825000003
3858549361=41,30.999999475,1,6.999999825
4005126794=32.9999995,20,7.000000499999999,10
4259071477=22,20,6.999998925,10
4259550614=42.99999925,11.99999995,6.999999825000003,7.000000050000001
551982467=43.00000025,64.000000475,6.999999825000003,6.999999825000003
645527534=41,11.99999995,1,7.000000050000001
651869304=21.9999991,30.999999475,6.999999825,6.999999825
891965524=33.0000005,64.000000475,7.000000499999999,6.999999825000003
95234242=43.000001,53,6.999999074999998,10
Invalidelements=3620741924,202843487,3962217712,4090888596,588301345,526640444,4225310514,4100806167,564788786,268924853,4293382719,2852909472,4120512617,4051680817,606278029,3900218602,2991764181,490886032,2006727882,4294362229,2215117072,3963210398,505954781,500717613,799110495,311783855,4268887845,2496273733,353263213,2903716225,2990635398,2613774595,2604561853,460071661,3384704689,3920563703,4026630364,2133664947,874304096,1824395090,572171664
LastModified=1629082392
NaturalSize_1=48,98

[/usr/share/plasma/desktoptheme/default/widgets/scrollwidget.svgz]
2429047634=117.80078,14.4748738,2,108.000013760484
360107532=10.0000009,8.077904000000004,108.000013760484,2
873132137=8.585785439516002,121.56854999999999,108.000013760484,2
914093286=7.8456800000000015,12.707105439516013,2,108.00001376048398
Invalidelements=972614005,2756619797
LastModified=1629082392
NaturalSize_1=128,128

[/usr/share/plasma/desktoptheme/default/widgets/tabbar.svgz]
1029158521=-233.82362,467.12659,41.362885000000006,41.12067000000002
161971958=356,434.36215,10,12
1675432116=276.00001,431.36216,80,3
1722625360=360,437.36215,6,5
186355216=266,437.36215,6,5
2107917386=356,431.36216,10.000009999999975,3.0000051999999755
2137822009=276,446.36215,80,4
2661095441=320.24124,430.36215,5,8
2948187986=320.24124,446.36215,5,4
2965379081=266,434.36215,10,12
324910975=266,446.36215,10,4
3326268169=266.00001,431.36216,10,3.0000051999999755
391221085=276,434.36215,80,12
497567666=356,446.36215,10,4
Invalidelements=1993533685,2491150625,1018030193,1814383817,2910769165,4117566750,1442016575,419958218,1979755974,2573000831,4264497648,4216026898
LastModified=1629082392
NaturalSize_1=744,1052

[/usr/share/plasma/desktoptheme/default/widgets/tasks.svgz]
1282873416=5,63.999998000000005,26,3
1286611164=5,121.999992,26,3
1309863792=1,1,4,3
1407617566=1,22,4,3
1514164658=31,45.999997,4,13
1671502504=31,4,4,13
1674581750=31,38,4,3
1779614662=1,64.000002,4,2.999994000000001
1792828761=1,37.999999,4,3
182368809=1,43.0000012,4,3.0000003999999976
1847358045=5,58.999997,26,3
1852772684=4.9999998,24.999999000000003,25.99999992,13
1885054455=1,79.999994,4,3
1996870892=155.99999540000002,92.00000024444182,10.999999799999983,10.999999800005142
2076017690=5,42.999998000000005,26,3
2098613294=1,109,4,13
2168050425=1,17,4,3
2387346050=1,66.999994,4,13
247539250=31,1,4,3
2567793646=31,24.999997999999998,4,13
2584735355=5,1,26,3
2586677858=1,58.999998,4,3
2735588471=31,17,4,3
2783781362=4.9999998,3.9999999999999996,25.99999992,13
2873252229=31,108.999992,4,13
2986604207=4.9999998,66.999994,25.99999992,13
318525497=1,4,4,13
3187824693=4.9999998,45.999998,25.99999992,13
3242884156=31,66.999993,4,13
3262818913=1,45.999998000000005,4,13
3343123538=4.9999998,108.99999,25.99999992,13
3425323187=5,37.999998,26,3
3488845241=1,25,4,13
3869560064=5,79.999993,26,3
3884732154=5,17,26,3
3948303071=5,21.999999000000003,26,3.000001000000001
4129231907=31,42.99999880000001,4,3.0000003999999976
52374518=31,79.999995,4,3
639668695=31,21.9999995,4,2.999998999999999
786011557=31,63.999994,4,2.999994000000001
862347496=5,106,26,2.999988000000002
911495102=31,58.999999,4,3
Invalidelements=1313329554,23266010,4217264023,3898996632,154227865,2321308853,1790968724,1596234775,2123836503,1040348500,2953810410,2190471779,1923310294,3479626031,1501828743,1994491437,934205416,3554831249,184411412,3518518216,1638592426,2649019987,3250187164,329954192,888530773,1756645134,2005031104,1606116738,929312904,356450362,490802046,2232909305,1495793418,3565414133,89430780,1039062276,3758773464,2930489051,3851450269,2830665422,3335094009,1142235721,3375390445,3738369850,869502812,247718513,1918744294,623269271,2196428588,4258125732,1859260171,1900417312,352602699,3461373625,854029478,64205941,183225558,3475259816,602002369,34198467,1638342535,3067385888,1209667857,1818022859,2454902761,2884343670,1147672644,414835121,2366958707,1194140022,2372774467,3989415839,143649246,1670646026,267952283,615517132,3392887204,3400085353,2297662490,1492800989,1749537330,492409544,420291561,3168163768,2339866782,128415148,4237323389,3656020531,3478945539,1153760795,1506287887,1031830890,3423403448,1325948787,2187970918
LastModified=1629082392
NaturalSize_1=144,126

[/usr/share/plasma/desktoptheme/default/widgets/viewitem.svgz]
1448538244=26,10.999919999999918,4,4
1656795328=78,63.01570000000015,4,4
1676749888=26,63.015760000000114,4,4
1961311386=41,89.45302000000004,4,4.014979999999923
2000415689=41,141.46826,4,4.000299999999925
221875529=26,14.999894620400255,4,48.015719999999874
2243820120=45.00000096406558,141.46856000000014,48.02159224000002,4.000299999999925
2343187956=93.00000000000006,89.46800000000007,4,4.000299999999925
2405116982=78.00000000000006,11.015739999999937,4,4
2820531561=30.000000964065578,63.015760000000114,48.02159224000002,4
3106141646=93.00001,141.46839999999997,4,4.014979999999923
3440242362=44.98999679593439,89.46800000000007,48.02159224000002,4.000299999999925
3611467088=29.989996795934417,11.015739999999937,48.02159223999999,4
3775667129=45,93.46828000000005,48,48
564713997=41,93.45249462040033,4,48.015719999999874
568901570=93.00001000000003,93.46837075710414,4,48.00002719999975
581652436=49.928560000000004,-90.32326999999998,40,40
715355766=78.00001000000003,15.015770757104065,4,48.00002719999975
911932675=30,15.015719999999988,48,48
Invalidelements=1889432498,3138259873,2740598237,1805097409,2457082319,1407206088,1200807724,3777106195,2796019578,98403625,61752030,2628293240,321323960,1449780955,1408799791,4039256610,305205163,3990877804,3885289750,799838060,3157929191,2560139499,339359467,1111552308,2326036800,2512413,86323259,1409139405,3728437765,537921143,121096824,2070448859,1755310601,576161716,2671251360,380237977,3476474727,1458824819,2477494005,1897881,1375825062,2073503091,4287890770
LastModified=1629082392
NaturalSize_1=257,161

[/usr/share/plasma/desktoptheme/kali/icons/start.svgz]
1633182823=-16,16,16,16
2187184647=8.962962962962962,0,13.037037037037036,22
2863967738=0,10,22,22
2898593548=0,6.875,8.962962962962962,15.125
911752273=22,0,32,32
Invalidelements=2965690234,1253615390
LastModified=1630064910
NaturalSize_1=54,32
start-here-kde=16x16,22x22,

[General]
IconThemePath=/usr/share/icons/Flat-Remix-Blue-Dark/
